3,2
3,1
3,3
10,7
10,147
10,125
10,175
10,201
10,69
10,129
11,11
8,6
8,11
8,13
8,15
8,2
8,3
2,2
2,1
2,3
48,4
48,3
48,2
48,1
48,0
47,3
47,2
47,1
47,0
46,2
46,0
45,5
45,4
45,3
45,2
45,1
45,0
44,4
44,3
44,2
44,1
44,0
42,5
42,4
42,3
42,2
42,1
42,0
39,5
39,4
39,3
39,2
39,1
39,0
37,5
37,4
37,3
37,2
37,1
37,0
28,5
28,1
25,3
25,1
20,3
20,2
20,1
19,3
19,2
19,1
18,3
18,1
12,3
12,2
12,1
11,29
11,27
11,26
11,25
11,23
11,21
11,20
11,19
11,18
11,17
11,16
11,15
11,14
11,12
11,10
11,9
11,8
11,7
11,6
11,4
11,3
11,2
11,1
10,306
10,297
10,293
10,287
10,268
10,266
10,261
10,260
10,232
10,225
10,220
